3.7134370e+1 1
3.6957443e+1 1
3.6877236e+1 1
3.7023358e+1 1
3.7028471e+1 1
3.7029142e+1 1
3.6983956e+1 1
3.6999188e+1 1
3.7028916e+1 1
3.6914672e+1 1
3.6947337e+1 1
3.6827423e+1 1
3.6851034e+1 1
3.6929858e+1 1
3.6947830e+1 1
3.6827651e+1 1
3.6976139e+1 1
3.7080573e+1 1
3.7079878e+1 1
3.7008015e+1 1
3.6970853e+1 1
3.6874158e+1 1
3.7269028e+1 1
3.7044084e+1 1
3.6853293e+1 1
3.8126793e+1 2
3.7022802e+1 1
3.7010525e+1 1
3.6962154e+1 1
3.6900228e+1 1
3.7007983e+1 1
3.9084900e+1 2
3.6896626e+1 1
3.7153702e+1 1
3.7072078e+1 1
3.6910745e+1 1
3.6824200e+1 1
3.7037985e+1 1
3.7074351e+1 1
3.7273619e+1 2
3.7284041e+1 2
3.6789471e+1 1
3.6907399e+1 1
3.7168203e+1 1
3.6991035e+1 1
3.6928930e+1 1
3.6886696e+1 1
3.8982240e+1 2
3.6920237e+1 1
3.7003272e+1 1
3.6947838e+1 1
3.6793526e+1 1
3.7793878e+1 2
3.7111633e+1 1
3.5576705e+1 2
3.7072286e+1 1
3.7002077e+1 1
3.6996321e+1 1
3.7083387e+1 1
3.7006895e+1 1
3.7063574e+1 1
3.7002005e+1 1
3.6840976e+1 1
3.6988808e+1 1
3.6975668e+1 1
3.7023492e+1 1
3.7003705e+1 1
3.6776217e+1 1
3.7109764e+1 1
3.7981583e+1 2
3.7209407e+1 1
3.6838543e+1 1
3.7022094e+1 1
3.6892591e+1 1
3.6909860e+1 1
3.6830693e+1 1
3.7041944e+1 1
3.7144842e+1 1
3.7091110e+1 1
3.7217643e+1 1
3.6839669e+1 1
3.6969986e+1 1
3.6925210e+1 1
3.7071597e+1 1
3.7003950e+1 1
3.8432463e+1 2
3.7010245e+1 1
3.7089682e+1 1
3.6844362e+1 1
3.7131705e+1 1
3.7017187e+1 1
3.7113428e+1 1
3.7081188e+1 1
3.7700833e+1 2
3.6919697e+1 1
3.7003000e+1 1
3.7106380e+1 1
3.6988631e+1 1
3.6948921e+1 1
3.6904663e+1 1
3.7079015e+1 1
3.6985446e+1 1
3.6836872e+1 1
3.6965276e+1 1
3.6835339e+1 1
3.6986887e+1 1
3.6857720e+1 1
3.6941746e+1 1
3.7106544e+1 1
3.6804579e+1 1
3.6951819e+1 1
3.7096377e+1 1
3.7075819e+1 1
3.7586681e+1 2
3.7013188e+1 1
4.0359636e+1 2
3.7055356e+1 1
3.7070024e+1 1
3.6949846e+1 1
3.7028425e+1 1
3.7075994e+1 1
3.6940217e+1 1
3.6958483e+1 1
3.7125906e+1 1
3.6877127e+1 1
3.7028543e+1 1
3.7000252e+1 1
3.6827086e+1 1
3.6839015e+1 1
3.7075200e+1 1
3.7095856e+1 1
3.7029378e+1 1
3.6977650e+1 1
3.6940246e+1 1
3.6899393e+1 1
3.7136427e+1 1
3.9474103e+1 2
3.6856423e+1 1
3.7121598e+1 1
3.6849633e+1 1
3.8490257e+1 2
3.6944685e+1 1
3.6881165e+1 1
3.7017328e+1 1
3.7033168e+1 1
3.6328840e+1 2
3.6906270e+1 1
3.6898667e+1 1
3.7098337e+1 1
3.9265843e+1 2
3.7085595e+1 1
3.7055416e+1 1
3.6912909e+1 1
3.6980524e+1 1
3.6865895e+1 1
3.6735578e+1 1
3.6948937e+1 1
3.7077817e+1 1
3.7062938e+1 1
3.6857036e+1 1
3.7039859e+1 1
3.6900960e+1 1
3.7101349e+1 1
3.6922452e+1 1
3.7038547e+1 1
3.7081320e+1 1
3.7249532e+1 1
3.6999838e+1 1
3.6889030e+1 1
3.6955623e+1 1
3.6982064e+1 1
3.7123150e+1 1
3.6838576e+1 1
3.7022886e+1 1
3.6992802e+1 1
3.7097785e+1 1
3.6883869e+1 1
3.7088464e+1 1
3.7025756e+1 1
3.6775242e+1 1
3.7005300e+1 1
3.7013866e+1 1
3.6971233e+1 1
3.7138363e+1 1
3.7049378e+1 1
3.7897235e+1 2
3.6939327e+1 1
3.6892746e+1 1
3.7021372e+1 1
3.7006494e+1 1
3.7012089e+1 1
3.7029828e+1 1
3.7139535e+1 1
3.7153498e+1 1
3.6904704e+1 1
3.7007547e+1 1
3.6892240e+1 1
3.8298813e+1 2
3.8471271e+1 2
3.7165074e+1 2
3.6941914e+1 1
3.7032529e+1 1
3.6889016e+1 1
3.7148761e+1 1
3.7043161e+1 1
3.8806322e+1 2
3.7139945e+1 1
3.7052784e+1 1
3.7088285e+1 1
3.7020740e+1 1
3.7034563e+1 1
3.7062045e+1 1
3.6871181e+1 1
3.7070234e+1 1
3.7154128e+1 1
3.6829895e+1 1
3.6858614e+1 1
3.7081796e+1 1
3.7192801e+1 2
3.6834545e+1 1
3.7159865e+1 1
3.7057359e+1 1
3.6924191e+1 1
3.6966316e+1 1
3.6966486e+1 1
3.6985875e+1 2
3.6931961e+1 1
3.7038381e+1 1
3.6925637e+1 1
3.6891643e+1 1
3.6960238e+1 1
3.6912988e+1 1
3.6925419e+1 1
3.7119110e+1 1
3.8532255e+1 2
3.6886828e+1 1
3.6946663e+1 1
3.7050803e+1 1
3.7044266e+1 1
3.7032065e+1 1
3.7084790e+1 1
3.6985964e+1 1
3.6861583e+1 1
3.6924775e+1 1
3.6967755e+1 1
3.8721226e+1 2
3.7018229e+1 1
3.6836603e+1 1
3.9790431e+1 2
3.6933538e+1 1
3.7062556e+1 1
3.7129291e+1 1
3.7046027e+1 1
3.7872336e+1 2
3.7273164e+1 1
3.7016198e+1 1
3.6976873e+1 1
3.6964086e+1 1
3.6962654e+1 1
3.6953804e+1 1
3.6942147e+1 1
3.6939779e+1 1
3.7028687e+1 1
3.7028970e+1 1
3.7071919e+1 1
3.9813061e+1 2
3.7049950e+1 1
3.7012794e+1 1
3.6886966e+1 1
3.7020176e+1 1
3.6914905e+1 1
3.7087091e+1 1
3.6972490e+1 1
3.7077479e+1 1
3.7027872e+1 1
3.7032682e+1 1
3.7386264e+1 2
3.7045743e+1 1
3.7047951e+1 1
3.9259265e+1 2
3.8726438e+1 2
3.7122962e+1 1
3.7103285e+1 1
3.7143196e+1 1
3.7068679e+1 1
3.6997312e+1 1
3.8527047e+1 2
3.7036920e+1 1
3.7024858e+1 1
3.7110708e+1 1
3.7028010e+1 1
3.7033902e+1 1
3.9565214e+1 2
3.7530458e+1 2
3.7262891e+1 1
3.7085844e+1 1
3.7070903e+1 1
3.6995899e+1 1
3.7089977e+1 1
3.7033936e+1 1
3.6818111e+1 1
3.8840054e+1 2
3.6961763e+1 1
3.6989276e+1 1
3.8930874e+1 2
3.6759929e+1 2
3.6993566e+1 1
3.6787691e+1 1
3.7115075e+1 1
3.7080616e+1 1
3.7058835e+1 1
3.6999442e+1 1
3.6776262e+1 1
3.7052449e+1 1
3.7041108e+1 1
3.7606998e+1 2
3.6909892e+1 1
3.6902524e+1 2
3.7091176e+1 1
3.7040623e+1 1
3.6979333e+1 1
3.7048519e+1 1
3.6921293e+1 1
3.6920059e+1 1
3.6881146e+1 1
3.8189600e+1 2
3.7010976e+1 1
3.6981032e+1 1
3.6897486e+1 1
3.6828709e+1 1
3.6894798e+1 1
3.7130595e+1 1
3.7031576e+1 1
3.6987352e+1 1
3.6948922e+1 1
3.7027104e+1 1
3.6939197e+1 1
3.6918377e+1 1
3.6901715e+1 1
3.7110953e+1 1
3.6982145e+1 1
3.6958178e+1 1
3.7059875e+1 1
3.6997896e+1 1
3.7068524e+1 1
3.6968648e+1 1
3.6930806e+1 1
3.6905591e+1 1
3.6938503e+1 1
3.6983311e+1 1
3.7021713e+1 1
3.7015184e+1 1
3.7093754e+1 1
3.7100222e+1 1
3.7097076e+1 1
3.7208073e+1 1
3.6926277e+1 1
3.7006179e+1 1
3.7176212e+1 1
3.6916797e+1 1
3.7065479e+1 1
3.7024679e+1 1
3.7168675e+1 1
3.7096523e+1 1
3.6977782e+1 1
3.7085848e+1 1
3.7088775e+1 1
3.7076286e+1 1
3.6969878e+1 1
3.7109429e+1 1
3.6984142e+1 1
3.7001829e+1 1
3.6910529e+1 1
3.6926284e+1 1
3.6877339e+1 1
3.7024496e+1 1
3.7066226e+1 1
3.7011091e+1 1
3.6808976e+1 1
3.6939957e+1 1
3.7017358e+1 1
3.7031351e+1 1
3.6931688e+1 1
3.7035435e+1 1
3.6991397e+1 1
3.7036211e+1 1
3.7132192e+1 1
3.7088217e+1 1
3.6875161e+1 1
3.7216729e+1 2
3.6984862e+1 1
3.6909051e+1 1
3.7077121e+1 1
3.7116483e+1 1
3.7123524e+1 1
3.6996272e+1 1
3.6869314e+1 1
3.6970746e+1 1
3.7056538e+1 1
3.7779908e+1 2
3.6850024e+1 1
3.7075530e+1 1
3.7092321e+1 1
3.6897674e+1 1
3.8450782e+1 2
3.7016498e+1 1
3.7052899e+1 1
3.7058888e+1 1
3.6961571e+1 1
3.7055818e+1 1
3.7022842e+1 1
3.6883050e+1 1
3.7201567e+1 1
3.7095696e+1 1
3.7033937e+1 1
3.7067227e+1 1
3.6991054e+1 1
3.6931413e+1 1
3.6908946e+1 1
3.7437375e+1 2
3.7013789e+1 1
3.6841141e+1 1
3.7006962e+1 1
3.7059363e+1 1
3.7057427e+1 1
3.6952465e+1 1
3.7959763e+1 2
3.7160346e+1 1
3.7024924e+1 1
3.6973161e+1 1
3.7081211e+1 1
3.6999367e+1 1
3.7017618e+1 1
3.7031262e+1 1
3.6954208e+1 1
3.7056493e+1 1
3.7144187e+1 1
3.6864436e+1 1
3.6257946e+1 2
3.6838085e+1 1
3.7028989e+1 1
3.6914047e+1 1
3.9051815e+1 2
3.6959947e+1 1
3.7029067e+1 1
3.6931452e+1 1
3.7172948e+1 1
3.7126308e+1 1
3.7114177e+1 1
3.6968433e+1 1
3.7058245e+1 1
3.6922662e+1 1
3.7080754e+1 1
3.6793608e+1 1
3.7082609e+1 1
3.6910365e+1 1
3.6833499e+1 1
3.7044191e+1 1
3.7024860e+1 1
3.7053299e+1 1
3.7034347e+1 1
3.9078374e+1 2
3.7068018e+1 1
3.6954693e+1 1
3.6973598e+1 1
3.9267101e+1 2
3.7014857e+1 1
3.6894772e+1 1
3.6902513e+1 1
3.6969829e+1 1
3.7019901e+1 1
3.6923629e+1 1
3.7155194e+1 1
3.6998694e+1 1
3.6772276e+1 1
3.6862823e+1 1
3.7020542e+1 1
3.6797492e+1 1
3.6949503e+1 1
3.6855733e+1 1
3.7081830e+1 1
3.7132417e+1 1
3.7084882e+1 1
3.7032740e+1 1
3.6958253e+1 1
3.6963906e+1 1
3.6842695e+1 1
3.7057173e+1 1
3.9022831e+1 2
3.6972214e+1 1
3.6899180e+1 1
3.6985030e+1 1
3.7142740e+1 1
3.7048204e+1 1
3.7017920e+1 1
3.6926668e+1 1
3.6917010e+1 1
3.7010954e+1 1
3.7042871e+1 1
3.6930638e+1 1
